MNIST

Epoch: 1 2022-12-02 15:03:49.595851
0 637.361206
50 538.082608
100 489.060316
150 464.764596
200 447.571290
250 433.982403
300 422.209034
350 411.897845
400 402.444241
450 393.701870
Total Loss: 323.586847 Test accuracy: 0.9936

Epoch: 2 2022-12-02 15:12:09.354484
0 313.350555
50 308.455271
100 303.234387
150 298.295150
200 293.815470
250 289.443426
300 285.226734
350 281.086084
400 277.086048
450 273.315949
Total Loss: 238.507811 Test accuracy: 0.9936

Epoch: 3 2022-12-02 15:20:42.686166
0 239.152145
50 234.615968
100 232.100741
150 229.447375
200 226.926296
250 224.386925
300 221.936683
350 219.602720
400 217.412976
450 215.324363
Total Loss: 195.272250 Test accuracy: 0.9936

Epoch: 4 2022-12-02 15:28:49.819181
0 194.537064
50 193.178355
100 191.540266
150 190.053748
200 188.575288
250 187.092860
300 185.661871
350 184.194294
400 182.721954
450 181.342207
Total Loss: 166.876830 Test accuracy: 0.9936

Epoch: 5 2022-12-02 15:37:02.454229
0 167.316086
50 167.501988
100 166.194098
150 165.118165
200 164.193218
250 163.328978
300 162.401435
350 161.571956
400 160.646319
450 159.791756
Total Loss: 150.083069 Test accuracy: 0.9936

Epoch: 6 2022-12-02 15:45:17.054396
0 153.137497
50 150.729926
100 149.646293
150 149.023141
200 148.438529
250 147.734205
300 147.123630
350 146.509611
400 145.888158
450 145.263044
Total Loss: 140.371604 Test accuracy: 0.9936

Epoch: 7 2022-12-02 15:53:45.744207
0 138.548904
50 138.470743
100 138.344133
150 137.992789
200 137.569255
250 137.023085
300 136.630113
350 136.213718
400 135.770784
450 135.337898
Total Loss: 135.597243 Test accuracy: 0.9936

Epoch: 8 2022-12-02 16:01:58.616160
0 131.805450
50 130.968245
100 130.493763
150 130.159842
200 129.782055
250 129.445088
300 129.133452
350 128.791887
400 128.505839
450 128.201274
Total Loss: 123.412033 Test accuracy: 0.9936

Epoch: 9 2022-12-02 16:10:14.473053
0 125.275368
50 124.638353
100 124.535009
150 124.354553
200 124.083075
250 123.873004
300 123.640075
350 123.331202
400 123.096687
450 122.865348
Total Loss: 121.278725 Test accuracy: 0.9936

Epoch: 10 2022-12-02 16:18:33.852129
0 118.550102
50 120.522160
100 120.626222
150 120.103475
200 119.980904
250 119.718936
300 119.515987
350 119.313315
400 119.124855
450 118.971040
Total Loss: 114.634932 Test accuracy: 0.9936

Epoch: 11 2022-12-02 16:26:50.756903
0 117.561478
50 116.567681
100 116.657743
150 116.615985
200 116.476212
250 116.337684
300 116.262354
350 116.137523
400 115.943528
450 115.774444
Total Loss: 113.935559 Test accuracy: 0.9936

Epoch: 12 2022-12-02 16:35:00.120505
0 113.217224
50 113.635070
100 113.584431
150 113.598148
200 113.629330
250 113.576098
300 113.540018
350 113.480073
400 113.345584
450 113.241544
Total Loss: 112.561311 Test accuracy: 0.9936

Epoch: 13 2022-12-02 16:43:41.507144
0 114.777084
50 111.785181
100 111.590427
150 111.625533
200 111.649552
250 111.433920
300 111.297523
350 111.223646
400 111.095780
450 111.034347
Total Loss: 109.564467 Test accuracy: 0.9936

Epoch: 14 2022-12-02 16:51:47.633091
0 111.828857
50 110.016200
100 109.761332
150 109.772053
200 109.584334
250 109.454409
300 109.384818
350 109.328496
400 109.254881
450 109.170316
Total Loss: 108.352753 Test accuracy: 0.9936

Epoch: 15 2022-12-02 16:59:56.819700
0 105.219910
50 108.061791
100 107.983195
150 107.761485
200 107.735251
250 107.692860
300 107.629163
350 107.463296
400 107.394801
450 107.370552
Total Loss: 107.198496 Test accuracy: 0.9936

Epoch: 16 2022-12-02 17:08:20.389190
0 107.175049
50 105.990435
100 106.141229
150 106.155078
200 106.260867
250 106.156564
300 106.033429
350 105.948612
400 105.860420
450 105.855778
Total Loss: 104.711092 Test accuracy: 0.9936

Epoch: 17 2022-12-02 17:18:11.910130
0 106.045586
50 105.291241
100 105.178353
150 105.019547
200 104.895995
250 104.735007
300 104.757048
350 104.670456
400 104.594312
450 104.527411
Total Loss: 103.201281 Test accuracy: 0.9936

Epoch: 18 2022-12-02 17:27:36.997786
0 100.682770
50 103.507036
100 103.556581
150 103.564031
200 103.457462
250 103.459921
300 103.415189
350 103.363416
400 103.273725
450 103.228164
Total Loss: 102.406885 Test accuracy: 0.9936

Epoch: 19 2022-12-02 17:36:00.481997
0 103.070724
50 102.756220
100 102.459381
150 102.567784
200 102.578163
250 102.526516
300 102.468172
350 102.435242
400 102.422086
450 102.359180
Total Loss: 101.764986 Test accuracy: 0.9936

Epoch: 20 2022-12-02 17:44:25.427793
0 102.218803
50 101.896908
100 101.874184
150 101.929481
200 101.828066
250 101.709189
300 101.714469
350 101.723086
400 101.687768
450 101.671463
Total Loss: 101.006619 Test accuracy: 0.9936

Epoch: 21 2022-12-02 17:52:40.780738
0 101.560722
50 101.052551
100 101.079268
150 101.093127
200 101.154798
250 101.228581
300 101.285162
350 101.252477
400 101.292343
450 101.292795
Total Loss: 100.817358 Test accuracy: 0.9936

Epoch: 22 2022-12-02 18:01:07.343998
0 98.727562
50 101.162956
100 101.116741
150 101.185906
200 101.153596
250 101.008066
300 101.021083
350 100.986254
400 100.980523
450 100.936916
Total Loss: 100.434885 Test accuracy: 0.9936

Epoch: 23 2022-12-02 18:09:32.244290
0 104.269852
50 100.645856
100 100.702648
150 100.654331
200 100.643001
250 100.640133
300 100.703585
350 100.621246
400 100.658923
450 100.637511
Total Loss: 100.012528 Test accuracy: 0.9936

Epoch: 24 2022-12-02 18:18:02.709537
0 98.989975
50 100.680805
100 100.429103
150 100.282859
200 100.239957
250 100.352035
300 100.319344
350 100.425754
400 100.353411
450 100.329442
Total Loss: 99.919512 Test accuracy: 0.9936

Epoch: 25 2022-12-02 18:26:26.310383
0 100.920769
50 100.084083
100 99.777480
150 99.944686
200 99.916824
250 99.934134
300 100.001618
350 100.026620
400 100.001796
450 100.031963
Total Loss: 99.659212 Test accuracy: 0.9936
